502
-0.08781642 0.8852391 -0.4651213
0.2633204 0.8220639 -0.5083406
-0.705887 0.6832634 -0.2018803
-0.3476495 0.9375946 0.03778905
0.8120068 -0.09116194 -0.5794926
0.1433217 0.710413 -0.6928604
-0.1001396 0.4779716 -0.8743516
-0.5634866 -0.2819972 -0.7792281
-0.2250369 0.8877581 -0.4073181
0.8505954 0.3295361 -0.4163476
0.2476252 0.7271109 -0.6439968
-0.5470289 -0.8288733 0.1357435
-0.4090838 -0.6213824 0.6716169
0.2830489 0.3007881 -0.9136222
0.9382196 -0.2891545 -0.2081186
-0.1983139 -0.2684152 -0.9481097
-0.26758 -0.8447422 -0.4704907
0.05093099 -0.7226166 -0.6918848
-0.5572065 0.08375297 -0.827903
-0.5362142 -0.1743534 -0.8277703
-0.4082402 0.8442184 -0.3592365
-0.7312793 0.6860309 -0.05486416
-0.7040078 0.6303491 0.3382051
-0.7074602 -0.1972064 -0.6819279
-0.8996546 -0.3547007 0.2624882
-0.4522931 0.8123258 0.3791476
-0.7449026 0.6691681 0.04832324
0.5059374 -0.3770677 0.7794444
-0.7929454 0.5987114 0.1217982
-0.721019 0.6672532 0.1939886
-0.5018557 0.4256262 0.7566144
-0.6071056 0.005161616 0.7994633
-0.8490156 0.4612618 -0.2707281
0.1137187 0.9685133 0.2291255
0.199939 0.9815357 0.03767712
0.4108105 0.9079177 0.1188563
0.03076558 0.9811589 -0.198589
0.1101909 0.9468527 -0.3061135
0.2677091 0.8244755 0.5017396
0.1869698 0.5181776 0.8374214
-0.2518262 -0.3611273 0.8994873
-0.4510609 -0.7697242 0.4595059
-0.5267251 -0.5625813 0.640502
0.1510511 -0.9604899 0.2443671
0.5224274 -0.03107989 0.8560086
-0.1169475 -0.7192551 -0.686701
0.6086074 0.1231476 0.7873189
0.7258924 0.003915114 0.6932412
0.6484619 -0.3835922 0.6611928
0.8623936 -0.4371877 0.2737325
0.7110933 -0.7055702 -0.05970319
0.5223407 -0.7016103 0.4915072
0.9195474 -0.3778611 0.1388687
0.9054273 -0.4314289 -0.05521197
0.7912945 -0.6027091 -0.1264931
0.6900805 -0.6111219 -0.3964536
-0.1422656 0.3645671 0.9224436
0.3442681 0.4612394 0.8198729
0.1545394 0.2418816 0.960905
-0.0982764 -0.3327278 0.9398721
0.02674321 0.1634374 0.988393
0.2470332 -0.1678614 0.9554854
0.1943548 0.07472615 0.9794602
0.124521 -0.1888621 0.9764387
0.2884044 -0.4328803 0.8571019
0.09180195 -0.4383624 0.8966961
-0.03402992 -0.5035447 0.8666182
-0.19811 -0.4799484 0.8570137
0.5525832 -0.5227177 0.6520857
0.3505915 -0.4983522 0.7953691
-0.05674077 -0.8226538 0.5695446
0.05791645 -0.8781222 0.4794005
-0.001543675 -0.9062786 -0.4272751
0.1713118 -0.861241 -0.4823841
0.2115402 -0.7961817 0.5719031
0.3594982 -0.8776276 0.3279084
-0.4827021 -0.8587837 -0.1885113
-0.2888213 -0.6756871 0.6815932
0.4404769 -0.5712765 0.6986478
-0.8473272 -0.5320883 0.06508853
-0.9600347 -0.2833281 -0.04352933
-0.7307332 -0.5323565 0.435042
-0.1495701 0.2405597 0.9625623
0.03043084 0.3049362 0.9534662
-0.9970801 -0.006063101 -0.1031514
-0.9647181 -0.2487468 0.1131896
-0.9938908 -0.02018774 0.1385781
-0.9679104 -0.1308921 -0.2322115
-0.9124773 -0.04349471 -0.410524
-0.6019335 -0.7319357 -0.3292209
-0.5747097 -0.5950425 -0.564678
-0.5062801 -0.6482962 -0.5717483
-0.262053 -0.753608 -0.6078916
0.34006 0.005011582 0.9442886
0.3795955 0.2146616 0.9037058
0.4912651 0.1191967 0.8647611
0.2731948 0.2110759 0.9414588
0.8130163 0.1055135 0.5802378
0.5021765 0.2783266 0.8217972
0.7458882 0.4726429 0.4795442
0.5984648 0.7013045 0.3939162
0.5953968 0.4747059 0.6533522
0.3793414 0.3061903 0.875128
0.8835163 0.008516492 0.473136
0.9551847 0.08831671 0.2880961
0.9345862 -0.0757499 0.353522
0.9191949 -0.2154443 0.3346313
0.7229282 -0.2135797 0.6621359
0.7716293 -0.4306566 0.4752144
0.7778308 0.572229 0.2760189
0.6511006 -0.09312954 0.7563193
0.9409086 -0.2441707 0.2522899
0.8185444 -0.5455771 0.194423
0.7508311 -0.6505426 0.1365793
0.8709636 -0.1462116 0.471471
0.4696652 0.4370634 0.7694594
0.02860967 0.4249209 0.9062823
0.1615146 0.7235362 0.6753244
0.2732339 0.5916201 0.7614383
0.2121355 0.7690325 0.606061
0.3448906 0.6679887 0.6624674
0.2421559 0.9047002 0.3577342
0.06940199 0.6048876 0.7976888
0.3650497 0.8961803 0.2646338
0.004046515 0.7430718 0.6734868
0.08189561 0.8558499 0.5159035
0.1405457 0.9178424 0.378315
-0.01656347 0.9561587 0.2960755
-0.01496367 0.9867219 0.1713789
0.09503643 0.9960191 0.05841092
0.2285828 0.9540744 0.2012836
0.3558728 0.8379347 0.4168904
-0.1182444 0.9578963 -0.2720674
-0.1656499 0.9217646 0.3566253
-0.2731027 0.9239734 0.2799387
0.4332602 0.5432894 0.7219239
0.2539851 0.916267 -0.3215033
0.414472 0.8247135 -0.3933292
0.3541097 0.7432124 -0.5720935
0.6112475 0.6833385 -0.4056618
0.7335804 0.6543182 -0.1970897
-0.09528305 0.9977969 0.03492593
0.1988118 0.3682779 0.9120851
-0.1413079 0.591267 0.7966225
-0.5168308 0.5661438 0.6456947
-0.6067072 0.329016 0.7253721
-0.4618658 0.3100218 0.8333798
-0.7198287 -0.3505924 0.6057837
-0.6056825 -0.2649192 0.7536543
-0.3677124 -0.4719673 0.8039433
-0.3287342 0.443571 0.8364716
-0.2880253 0.7848405 0.5535591
-0.1938971 -0.5948735 0.783839
0.5266851 0.8510885 0.03512385
0.611961 0.7705696 0.1986095
0.7469878 0.5883449 -0.3174042
0.7724746 0.09780589 -0.6336177
0.8925983 0.05936481 -0.4561305
0.920491 0.2321391 -0.3230627
0.9554682 0.1009495 -0.2831335
0.5193792 -0.2290343 -0.8257238
0.6453589 0.4427305 -0.6271408
0.810532 0.2772621 -0.5240539
0.5644555 0.3756846 -0.7389879
0.6437266 0.02526635 -0.7689743
0.4780691 -0.035044 -0.8798441
0.5788382 -0.1124352 -0.8107407
0.4700874 -0.4258204 -0.7763196
0.359079 -0.5306097 -0.7703991
0.1813163 -0.61885 -0.7687251
0.3775302 0.01705252 -0.929534
0.01447679 -0.07403453 -1.000617
0.8882088 0.4142971 -0.2141888
0.8222463 0.5479957 -0.171618
-0.1905549 0.3773747 -0.9100131
0.6741394 -0.3891418 -0.6313103
0.7647518 -0.3613594 -0.5393999
0.6291004 0.2042017 -0.751703
0.5968617 -0.7315363 -0.3369496
0.6177423 -0.7718738 -0.1681701
0.4579403 -0.7838796 -0.4231009
0.3029239 -0.8154908 -0.4982376
0.1634942 -0.7709619 -0.6205645
0.397436 -0.7211607 -0.5732704
0.5580205 -0.6510497 -0.5218139
0.04436233 0.5107408 -0.8608611
0.2109464 0.4630076 -0.8645091
0.1267915 0.2936892 -0.9501002
0.2381096 0.1471376 -0.9647
0.4596656 0.3823038 -0.8048857
-0.3397015 -0.5197501 -0.7853317
-0.8886752 -0.4300619 0.1699472
-0.8344966 0.008252759 0.5560975
-0.8315142 -0.1575823 0.5396119
0.7541068 0.3726304 0.544347
-0.5001903 -0.439042 0.7493078
-0.5051777 -0.6847679 0.531471
-0.693754 -0.6609814 0.2932336
-0.009701628 -1.002266 -0.003283616
-0.1485015 -0.9685289 -0.211714
-0.4986503 -0.2042492 0.8453291
-0.3471062 -0.3008266 0.8906583
0.4150356 -0.6768047 0.6146669
0.8541906 -0.2482334 -0.4624927
0.8919801 -0.1288847 -0.4423991
-0.803028 0.2031145 -0.5697749
-0.5124717 0.2229003 -0.832364
-0.4119267 0.3708252 -0.8344204
-0.543189 0.3956912 -0.7447364
-0.7113823 0.5609943 -0.4319602
-0.5889955 -0.378756 -0.7165727
-0.7398748 -0.3502707 -0.5777644
-0.8122576 -0.07624384 -0.584819
-0.9666827 0.05668931 -0.2585416
-0.9496676 0.1763251 -0.2682613
-0.6733968 -0.3189428 -0.6696759
-0.343564 0.2560332 -0.9072069
-0.208653 0.1877906 -0.9642428
-0.4148786 0.1171625 -0.9053826
-0.4458149 -0.5425396 -0.7156652
-0.5858378 -0.51657 -0.6279815
-0.4106123 -0.272423 -0.8727626
-0.4860673 -0.1158762 -0.8689496
-0.2986482 -0.1305397 -0.947708
-0.8006232 0.09011403 -0.5992953
-0.6330476 0.2279038 -0.7449917
-0.6700653 0.3672113 -0.6503773
-0.2833596 -0.3548313 -0.8932731
-0.9698782 0.2202917 -0.1206696
-0.9016004 0.2671963 -0.3493821
0.8855115 0.4691995 -0.03913256
0.9850578 0.1797938 0.06062756
0.9467207 0.3049867 -0.12168
0.9331312 0.356819 0.09961604
0.2165554 0.6253872 -0.7518795
0.307133 0.5710289 -0.7638626
0.4251946 0.504361 -0.7530812
0.49624 -0.5594802 -0.6681008
0.7015193 -0.5023382 -0.5121347
0.5312161 0.2408105 -0.8140076
-0.7420507 0.4038286 -0.5414934
-0.1311506 -0.7261618 0.6776445
-0.5682114 -0.8248342 -0.0358466
0.6385366 0.7727952 -0.04078051
0.6425697 0.7285419 -0.2482239
0.7772738 0.6324286 -0.008758808
-0.2796385 0.8580891 0.4355505
0.5523047 0.5738987 0.6095801
0.8217297 -0.5713137 0.03858072
0.635736 -0.7728314 0.05099864
-0.4052138 -0.791702 -0.4642512
-0.1752776 0.9607725 0.2259443
0.04361225 1.000418 -0.04442408
0.03872868 0.60708 -0.7986252
0.1115849 0.8094471 -0.580807
0.3618158 0.5886554 -0.7249151
-0.2114388 0.7676577 -0.6087632
-0.2658958 0.6488423 -0.7156662
0.3080051 0.6379929 -0.7083316
-0.729762 -0.1197043 0.678264
-0.8500288 -0.3101136 0.4331051
-0.7344717 0.09300302 0.6752314
-0.7856914 -0.5683815 0.2533991
-0.8064252 -0.5933828 -0.06414124
-0.6432648 -0.522054 0.5638275
-0.913871 -0.4140931 -0.002816562
-0.9871404 -0.1460623 -0.0955819
-0.9941173 -0.101423 0.07540811
-0.9801234 0.1634969 0.1350625
-0.9169137 -0.2154738 -0.3449821
-0.9176958 -0.3560998 -0.1906398
-0.8483872 -0.4387028 -0.3013384
-0.8389588 -0.5226663 -0.1665427
-0.8592198 -0.3526499 -0.3798459
-0.8566472 -0.1960837 -0.485862
0.9910236 0.04112421 0.1367351
0.9797392 -0.03141694 0.2086812
0.975594 -0.2290853 0.06657086
-0.3517603 -0.6589203 -0.6695119
0.1561521 0.9774275 -0.1537029
1.001871 -0.02639831 0.01692574
-0.5560301 -0.7379729 0.3975005
0.5246155 0.4999462 -0.6911396
0.4625579 0.5911681 -0.663185
-0.6154663 0.5244724 -0.5911335
-0.3624868 -0.1752222 0.9176817
-0.2257752 -0.2670655 0.9389977
-0.2538694 -0.053163 0.9694883
-0.1652452 -0.3677541 -0.9177662
0.3579924 -0.9133024 -0.2063157
0.8385534 0.4691096 0.2850609
0.9306136 0.2165935 0.3021188
0.8411598 0.2976772 0.456665
0.9001468 0.3301726 0.2948269
0.7141573 0.6872903 0.1567744
-0.8500926 0.5233621 0.08268981
-0.7652474 0.5967816 -0.2450734
-0.8029497 0.4918601 0.347143
-0.5003195 0.8427013 0.2140235
-0.6253566 0.7741482 0.1190792
-0.4777736 0.8767775 0.07959038
-0.6019177 0.7405477 0.30505
-0.4691898 0.8831621 -0.06620537
-0.5208408 0.8346413 -0.199637
-0.8274943 0.5401289 0.168501
-0.5970572 0.8039138 -0.05125296
-0.7778876 0.3742296 0.5121256
-0.7273417 0.2702535 0.633778
-0.8860134 0.2198676 0.4157566
-0.926263 0.275667 0.2658016
-0.8548408 0.4184842 0.3193939
-0.8127789 0.1790066 0.5610695
-0.6493962 0.6744453 -0.3592413
-0.1275248 0.7233926 0.6827634
-0.1181702 0.8265955 0.5561553
-0.07185223 0.9024734 0.4340319
0.1503641 -0.03398426 -0.9923856
-0.5832167 0.6316993 -0.5157883
-0.2826196 0.515019 -0.814639
0.1277153 0.8958337 -0.4317065
0.5104409 0.8046814 0.309752
0.6338085 -0.5363774 0.5621969
0.4534663 0.7728101 0.4475384
-0.6380175 -0.1123142 0.7648948
0.3395658 -0.6569443 -0.6762118
-0.05803493 -0.4926157 -0.8711477
-0.225508 -0.514305 -0.8294414
0.00648005 -0.5921976 -0.8087581
0.1380322 -0.4766982 -0.8724893
0.1712707 -0.2837104 -0.9478176
0.9778197 0.1793737 -0.1283813
-0.3215542 -0.554511 0.7701041
-0.2693163 -0.02695894 -0.9652759
-0.1460054 0.03287216 -0.9910017
-0.006730322 0.3574574 -0.9371185
0.9945791 0.0325266 -0.1313285
0.986249 -0.1310009 -0.1261429
-0.2608532 -0.9050229 0.3433659
-0.1388813 -0.8889216 0.4424255
0.1614617 -0.05141526 0.9878775
-0.02962791 -0.05271193 1.002427
-0.02648341 -0.9547181 -0.3022009
-0.4120804 -0.8575591 0.3168386
-0.3456571 -0.9183162 0.2056271
-0.6662697 -0.7462137 -0.04313072
-0.6870924 -0.7238757 0.08523702
-0.7297883 -0.641091 -0.2455197
-0.3725965 -0.9252746 -0.1026875
-0.2204403 -0.9379815 -0.2822291
-0.2178082 -0.7970927 0.5669906
-0.1471184 -0.9877859 -0.07472643
-0.1385637 -0.9892325 0.08637927
0.1705664 -0.9882171 0.04816749
-0.2468507 -0.9637401 0.1232813
0.03874907 -0.9885361 -0.1649456
0.4066297 -0.9151144 -0.05161514
0.357758 -0.932821 0.0872228
0.3168555 -0.9237685 0.2239845
0.2153096 -0.9721743 -0.1300206
-0.006093994 -0.9670992 0.2625943
-0.1193895 -0.9605036 0.2617163
-0.2476314 -0.9698157 -0.0635612
-0.422398 0.6969134 0.5835397
0.5377936 0.1156314 -0.8377507
-0.9485622 0.09774981 0.3171617
-0.9249297 0.03733181 0.3847695
-0.9336221 -0.07430349 0.3578618
-0.2500997 0.9418787 -0.2349895
-0.320405 0.7899268 -0.5281361
-0.03300466 0.8257043 -0.5675853
-0.1151436 0.6197814 -0.7795374
-0.05903508 0.7355009 -0.6793113
-0.1201365 0.9882776 -0.1129429
0.3430572 -0.3528212 -0.8758073
-0.4241903 -0.9070185 0.05634039
0.5464514 -0.2146674 0.8122951
-0.9260536 0.3652491 -0.1267759
-0.9007432 0.4299461 0.09316845
-0.8516254 0.5208046 -0.09968526
0.3300658 -0.8766617 -0.3601995
0.4884084 -0.8463976 -0.2223511
0.5541407 -0.8339599 -0.03942965
0.8895441 0.1548908 0.4351277
0.6099029 -0.2543272 0.7524289
-0.426668 -0.4191079 -0.8045139
0.6918383 -0.6675746 0.2873327
-0.4043875 0.8752115 0.2796967
-0.2184106 -0.6131811 -0.7615547
-0.07683074 -0.6316125 -0.7757242
0.5632719 -0.8221035 0.1203172
-0.7588277 -0.6508068 0.08191614
-0.2834212 0.9533299 0.1322914
-0.0447948 -0.6509922 0.7609817
0.1429155 -0.5698022 0.8128778
0.273369 -0.6356458 0.7255914
0.1328552 -0.7025719 0.7015373
0.3585824 -0.1475324 -0.9256664
0.7593443 -0.3119167 0.5764542
-0.4789923 0.5449052 -0.6926039
0.7146889 0.5746834 0.4086225
0.5908675 0.6013051 -0.5426292
-0.685601 -0.5735303 -0.4544282
-0.6815882 -0.452767 -0.5763084
-0.5486951 -0.686446 -0.4830797
-0.1610432 0.0915467 0.984507
-0.3641804 0.182487 0.9156923
-0.4780322 0.1217327 0.8723485
-0.3277672 0.2778993 0.9064812
-0.9553199 0.277107 0.1305874
0.0314289 -0.9908434 0.1429171
-0.1228498 -0.1595498 0.9812896
0.4767909 0.8763919 -0.1093782
0.4160821 0.8842916 -0.2250693
0.7671896 -0.244141 -0.5987357
0.4916351 0.6662834 0.5655618
0.2557491 -0.8981301 0.3672743
0.02379762 -0.2683128 0.9656191
0.6323935 0.3085611 0.7145429
0.7075231 0.2537906 -0.6639987
-0.6764376 0.1992212 0.7129756
-0.222306 0.485289 0.8477153
0.7034347 0.5399031 -0.4681416
0.8573568 -0.2736217 0.4396004
0.8580214 -0.3952082 0.3342256
0.6027799 -0.6969461 0.3928695
0.3463775 0.7522493 0.5640461
-0.3416085 0.9306356 -0.147701
-0.5882331 0.1750047 0.7932134
-0.270216 0.6682938 0.6957811
0.8506883 0.5189121 0.1119376
-0.9572709 0.2978641 0.01798017
0.7995223 0.43773 -0.4186674
-0.7817612 -0.5446655 -0.3109147
0.3953249 -0.2158386 0.8955359
-0.4768938 -0.06666832 0.8797886
-0.900504 0.09206983 -0.4309462
-0.2484754 0.9695815 -0.04446477
0.9552569 -0.03913439 -0.3013762
0.8903198 -0.4257602 -0.1778622
0.931181 -0.250826 -0.2781151
-0.5598531 0.737653 -0.3854383
-0.02210486 -0.8197512 -0.5779187
0.4835663 -0.09253254 0.8727419
0.01090187 0.05409534 1.001412
-0.7996611 -0.246609 -0.5512139
0.5063052 0.849389 0.1630342
-0.425247 -0.01673779 -0.9083087
-0.101312 -0.1388571 -0.9865878
0.7237325 -0.09940609 -0.68612
-0.9497472 -0.2054036 0.2419376
0.04195875 0.08252852 -0.9989986
-0.05209891 0.180465 -0.9848503
-0.5801071 -0.4201503 0.7006679
-0.6521783 0.5676137 0.5076894
-0.1377073 -0.8614869 -0.4952712
0.4841423 0.7159423 -0.5090302
-0.6107844 -0.08849023 -0.7903447
-0.8070046 0.4286449 -0.4146268
0.1528434 -0.9333308 -0.3333769
0.4680258 -0.8040745 0.3755746
-0.317468 -0.7880604 0.5340555
-0.3431953 -0.8969397 -0.2871824
0.821544 -0.1457335 0.5558002
0.2979364 0.9554868 0.05530256
0.7231535 -0.5424492 0.4352871
-0.6404147 0.4501909 0.6279517
0.3016699 0.9481242 -0.1148991
0.1299316 0.4100176 -0.9055246
0.4220792 0.245648 -0.8757803
-0.4441582 -0.3398555 0.8313288
0.5799204 -0.4659095 -0.6712247
0.3761558 -0.3321599 0.8697139
-0.3138368 0.06031096 0.9501572
-0.6770123 0.0009629772 -0.7400861
0.7423609 0.2040483 0.6448479
-0.5159625 -0.7839106 -0.3539069
-0.9951254 0.1121093 -0.04271287
0.5093873 -0.8343302 0.2231664
0.8438736 -0.4058984 -0.3564291
0.3523118 -0.7902274 0.5042594
-0.7693566 -0.4548457 -0.4535693
-0.4372256 0.7122973 -0.5533116
-0.3708831 0.6599172 -0.6578929
0.6234195 -0.2770222 -0.7347279
0.5359736 0.7949929 -0.2910722
-0.8294418 -0.4338394 0.3616817
0.1967867 -0.3251092 0.9276158
0.7989746 -0.5076398 -0.330559
0.03155763 -0.9126501 0.4176827
0.334553 0.4332885 -0.8383936
-0.3515703 0.5680537 0.74834
-0.5376443 0.6948936 0.4843178
0.7295855 -0.6508042 -0.2166355
0.9675583 0.2050179 0.163155
-0.06037819 0.5046936 0.8643709
-0.9117789 -0.2051551 0.3613917
0.04501069 -0.2777729 -0.9639179
-0.03619418 0.9376581 -0.3525012
0.0124034 -0.7384024 0.6756334
0.09226567 -0.7965468 0.6010664
-0.6421649 -0.7516084 -0.172562
-0.6140214 -0.7683852 0.1990994
