18
1.214124 0.0 1.589309 -0.7078372 0.8551666 1.708152 0.06999868 -1.1079 1.708152 255 255 0 
1.214124 0.0 1.589309 1.831964 -0.5952416 -1.587858e-09 1.132216 1.558362 -4.087021e-07 135 152 130 
1.214124 0.0 1.589309 1.132216 1.558362 -4.087021e-07 -0.7078372 0.8551666 1.708152 140 143 139 
-0.7078372 0.8551666 1.708152 1.132216 1.558362 -4.087021e-07 -1.132216 1.558362 4.087021e-07 152 136 142 
-0.7078372 0.8551666 1.708152 -1.132216 1.558362 4.087021e-07 -1.831964 -0.5952416 1.587858e-09 255 255 0 
-0.7078372 0.8551666 1.708152 -1.831964 -0.5952416 1.587858e-09 0.06999868 -1.1079 1.708152 255 255 0 
0.06999868 -1.1079 1.708152 -1.831964 -0.5952416 1.587858e-09 0.0 -1.926241 0.0 255 255 0 
0.06999868 -1.1079 1.708152 0.0 -1.926241 0.0 1.831964 -0.5952416 -1.587858e-09 135 149 138 
0.06999868 -1.1079 1.708152 1.831964 -0.5952416 -1.587858e-09 1.214124 0.0 1.589309 127 150 138 
1.043279 -0.4133835 -1.688061 1.132216 1.558362 -4.087021e-07 1.831964 -0.5952416 -1.587858e-09 138 150 139 
-0.375185 1.154701 -1.589309 -1.132216 1.558362 4.087021e-07 1.132216 1.558362 -4.087021e-07 144 138 149 
-0.375185 1.154701 -1.589309 1.132216 1.558362 -4.087021e-07 1.043279 -0.4133835 -1.688061 138 146 150 
-1.075306 -0.275788 -1.708152 -1.831964 -0.5952416 1.587858e-09 -1.132216 1.558362 4.087021e-07 141 138 148  
-1.075306 -0.275788 -1.708152 -1.132216 1.558362 4.087021e-07 -0.375185 1.154701 -1.589309 141 131 156 
-1.075306 -0.275788 -1.708152 0.0 -1.926241 0.0 -1.831964 -0.5952416 1.587858e-09 144 141 141 
1.043279 -0.4133835 -1.688061 1.831964 -0.5952416 -1.587858e-09 0.0 -1.926241 0.0 140 153 137 
1.043279 -0.4133835 -1.688061 0.0 -1.926241 0.0 -1.075306 -0.275788 -1.708152 142 145 145 
1.043279 -0.4133835 -1.688061 -1.075306 -0.275788 -1.708152 -0.375185 1.154701 -1.589309 134 142 157 
